0 0.2220408163265306
1 0.4252154195011338
2 3.5076643990929703
3 7.764172335600907
4 7.970249433106576
5 8.399818594104309
6 8.536235827664399
7 9.022403628117914
8 9.308299319727892
9 9.46358276643991
10 9.785759637188209
11 10.430113378684807
12 10.608616780045352
13 10.862585034013605
14 11.834920634920636
15 12.350113378684807
16 12.740498866213152
17 12.826122448979591
18 13.0118820861678
19 13.190385487528344
20 13.318095238095237
21 13.421133786848072
22 13.738956916099774
23 15.44562358276644
24 15.676371882086167
25 15.90857142857143
26 16.207528344671204
27 17.300317460317462
28 17.477369614512472
29 17.63700680272109
30 17.782131519274376
31 17.976598639455784
32 20.073650793650792
33 20.23764172335601
34 20.616417233560092
35 20.92408163265306
36 21.283990929705215
37 21.39283446712018
38 21.754195011337867
39 22.156190476190478
40 22.5059410430839
41 22.725079365079367
42 23.424580498866213
43 23.807709750566893
44 23.968798185941043
45 24.251791383219956
46 24.633469387755103
47 25.344580498866215
48 25.829297052154196
49 26.152925170068027
50 26.50267573696145
51 27.160090702947844
52 27.254421768707484
53 27.64480725623583
54 28.07292517006803
55 28.535873015873015
56 28.64471655328798
57 29.180226757369613
58 29.541587301587303
59 29.795555555555556
60 30.04517006802721
61 30.23673469387755
62 30.389115646258503
63 30.486349206349207
64 31.05233560090703
65 31.341133786848072
66 31.695238095238096
67 32.12625850340136
68 32.64725623582766
69 32.82721088435374
70 33.05070294784581
71 33.2756462585034
72 33.54267573696145
73 33.63410430839002
74 33.877913832199546
75 34.07383219954649
76 34.149297052154196
77 34.28281179138322
78 34.979410430839
79 35.131791383219955
80 35.333514739229024
81 35.536689342403626
82 36.00399092970522
83 36.36680272108843
84 36.46403628117914
85 36.77170068027211
86 36.87473922902495
87 37.006802721088434
88 37.18530612244898
89 37.278185941043084
90 37.79628117913832
91 38.095238095238095
92 38.333242630385485
93 38.62929705215419
94 38.92390022675737
95 39.006621315192746
96 39.43764172335601
97 39.635011337868484
98 39.754013605442175
99 39.931065759637185
100 40.1081179138322
101 40.253242630385486
102 40.697324263038546
103 40.820680272108845
104 40.997732426303855
105 41.293786848072564
106 41.51582766439909
107 41.835102040816324
108 42.14857142857143
109 42.48671201814059
110 42.60861678004535
111 42.81469387755102
112 43.04544217687075
113 43.14122448979592
114 43.316825396825394
115 43.437278911564626
116 43.59111111111111
117 43.85523809523809
118 44.022131519274375
119 44.148390022675734
120 44.39800453514739
121 44.792743764172336
122 44.897233560090704
123 45.023492063492064
124 45.14539682539682
125 45.35437641723356
126 45.47482993197279
127 45.559002267573696
128 45.90294784580499
129 46.187392290249434
130 46.33396825396825
131 46.52408163265306
132 46.841904761904765
133 47.14666666666667
134 47.3774149659864
135 47.54430839002268
136 47.676371882086165
137 47.97097505668934
138 48.12770975056689
139 48.52825396825397
140 49.04344671201814
141 49.38448979591837
142 49.48897959183673
143 49.6152380952381
144 50.62385487528345
145 51.24643990929705
146 51.757278911564626
147 51.883537414965986
148 52.64834467120181
149 52.83555555555556
150 53.166439909297054
151 53.35365079365079
152 53.48716553287982
153 53.60181405895692
154 53.690340136054424
155 54.45079365079365
156 55.349115646258504
157 55.862857142857145
158 56.06312925170068
159 56.46802721088435
160 56.78294784580499
161 57.123990929705215
162 57.23138321995465
163 57.38521541950114
164 57.48825396825397
165 57.637732426303856
166 57.88444444444445
167 58.05859410430839
168 58.23419501133787
169 58.53170068027211
170 58.98739229024943
171 59.11074829931973
172 59.364716553287984
173 59.531609977324266
174 59.75800453514739
175 60.00616780045352
176 60.32689342403628
177 60.453151927437645
178 60.83482993197279
179 61.027845804988665
180 61.135238095238094
181 61.32390022675737
182 61.54303854875283
183 61.736054421768706
184 61.94648526077098
185 62.33106575963719
186 62.733061224489795
187 63.07700680272109
188 63.17278911564626
189 63.84761904761905
190 63.99274376417234
191 64.07981859410431
192 65.2088888888889
193 66.39600907029478
194 66.94312925170068
195 67.15501133786849
196 67.66439909297053
197 67.98367346938775
198 68.28553287981859
199 68.58303854875284
200 69.15192743764172
201 69.33768707482993
202 69.49151927437642
203 69.55392290249434
204 69.61922902494331
205 69.84997732426304
206 70.55092970521542
207 70.71056689342403
208 70.98340136054422
209 71.18512471655329
210 71.3317006802721
211 71.53777777777778
212 71.82367346938776
213 72.08054421768708
214 72.27646258503401
215 72.45496598639455
216 72.6508843537415
217 72.68426303854875
218 72.82358276643991
219 72.99192743764172
220 73.2110657596372
221 73.36054421768708
222 73.66675736961452
223 73.90040816326531
224 74.00344671201815
225 74.24580498866213
226 74.82630385487528
227 75.05560090702947
228 75.58820861678005
229 75.88861678004535
230 75.9481179138322
231 76.36172335600907
232 76.5082993197279
233 76.86820861678005
234 76.92916099773242
235 77.79990929705215
236 77.94938775510204
237 78.13079365079365
238 78.28897959183674
239 78.4907029478458
240 78.6895238095238
241 79.2497052154195
242 79.63573696145124
243 80.56308390022676
244 80.7677097505669
245 80.9795918367347
246 81.15809523809524
247 81.41931972789115
248 81.78213151927437
249 81.98240362811791
250 82.20154195011338
251 82.30458049886622
252 82.50775510204082
253 82.59482993197278
254 82.71238095238095
255 82.85460317460317
256 82.9837641723356
257 83.0897052154195
258 83.41188208616781
259 83.80226757369614
260 83.8574149659864
261 84.19120181405896
262 84.36390022675737
263 84.82394557823129
264 84.94730158730158
265 85.08662131519274
266 85.20562358276644
267 85.43492063492063
268 85.61777777777777
269 85.75274376417234
270 85.84562358276644
271 86.22875283446712
272 86.68154195011338
273 86.9253514739229
274 87.0487074829932
275 87.53487528344671
276 87.60453514739228
277 87.65968253968254
278 87.71337868480725
279 88.21696145124717
280 88.55074829931972
281 88.65523809523809
282 88.82648526077098
283 89.04272108843537
284 89.20816326530613
285 89.40698412698413
286 89.49696145124716
287 89.72480725623583
288 90.03682539682539
289 90.2269387755102
290 90.56072562358277
291 90.62312925170068
292 90.80453514739229
293 90.96997732426304
294 91.10929705215419
295 91.33569160997732
296 91.59836734693877
297 91.67383219954648
298 92.15709750566893
299 92.38929705215419
300 92.51265306122448
301 92.77097505668934
302 93.17732426303854
303 93.48498866213151
304 93.69251700680272
305 93.99437641723355
306 94.16272108843538
307 94.322358276644
308 94.54439909297052
309 94.74757369614512
310 95.00734693877551
311 95.15102040816326
312 95.42530612244897
313 95.62557823129252
314 95.80698412698413
315 96.19301587301587
316 96.44698412698413
317 96.66321995464853
318 96.80399092970522
319 96.91718820861678
320 97.1653514739229
321 97.27419501133787
322 97.39464852607709
323 97.69650793650794
324 97.98240362811791
325 99.04907029478458
326 99.60054421768707
327 99.97641723356008
328 101.7730612244898
329 101.90512471655329
330 102.52480725623583
331 102.61768707482993
332 102.99501133786848
333 103.27365079365079
334 103.4637641723356
335 103.5958276643991
336 103.86866213151927
337 104.06312925170069
338 104.29242630385488
339 104.38240362811791
340 104.55365079365079
341 104.92081632653061
342 105.02095238095238
343 105.53469387755102
344 105.67401360544218
345 105.89170068027211
346 106.32562358276644
347 106.6942403628118
348 106.80598639455782
349 106.94095238095238
350 107.00770975056689
351 107.21233560090702
352 107.5374149659864
353 107.56643990929705
354 107.81315192743764
355 108.1338775510204
356 108.38349206349206
357 108.6679365079365
358 108.94367346938776
359 109.28616780045351
360 109.47337868480726
361 109.88843537414967
362 110.20480725623582
363 110.46748299319728
364 110.69968253968254
365 110.80272108843538
366 110.88689342403629
367 111.02621315192744
368 111.18730158730159
369 111.35274376417233
370 111.69378684807256
371 112.16979591836734
372 112.34104308390023
373 112.57904761904761
374 112.70240362811792
375 112.84897959183674
376 113.02022675736961
377 113.25532879818594
378 113.40480725623583
379 113.6152380952381
380 113.82857142857142
381 114.05931972789115
382 114.21895691609977
383 114.51065759637189
384 114.81251700680272
385 114.93006802721088
386 115.08680272108843
387 115.28707482993197
388 115.41478458049886
389 115.54829931972789
390 115.81532879818594
391 116.04172335600907
392 116.1317006802721
393 116.22603174603175
394 116.90231292517007
395 117.79482993197279
396 119.59873015873016
397 120.53333333333333
398 120.71328798185941
399 121.44181405895692
400 121.6087074829932
401 122.19501133786848
402 122.50848072562358
403 123.16444444444444
404 124.14548752834467
405 124.98285714285714
406 125.17877551020408
407 125.60689342403629
408 125.76943310657596
409 126.01469387755103
410 126.16417233560091
411 126.32671201814058
412 126.48344671201814
413 126.69968253968254
414 126.97251700680272
415 127.14521541950113
416 127.20471655328798
417 127.54575963718821
418 127.78231292517007
419 128.03482993197278
420 128.1668934240363
421 128.44408163265305
422 128.6356462585034
423 128.7894784580499
424 129.02312925170068
425 129.2712925170068
426 129.60362811791384
427 129.71972789115645
428 129.7705215419501
429 129.94757369614513
430 130.10285714285715
431 130.21460317460318
432 130.48888888888888
433 130.6165986394558
434 130.66013605442177
435 130.7849433106576
436 130.99102040816325
437 131.25950113378684
438 131.49024943310658
439 131.63972789115647
440 131.73551020408163
441 132.02430839002267
442 132.04897959183674
443 132.8065306122449
444 133.01260770975057
445 133.18240362811792
446 133.25496598639455
447 133.50167800453514
448 133.93560090702948
449 134.05170068027212
450 134.35356009070296
451 134.642358276644
452 134.75120181405896
453 135.2925170068027
454 135.99927437641725
455 136.80616780045352
456 137.53034013605443
457 139.2210430839002
458 139.45904761904762
459 140.3443083900227
460 140.85950113378684
461 141.19909297052155
462 142.26721088435374
463 142.39201814058956
464 143.15827664399092
465 143.76344671201815
466 143.85197278911565
467 144.06385487528345
468 146.40471655328798
469 146.5643537414966
470 146.9663492063492
471 147.24498866213153
472 147.55410430839
473 147.6063492063492
474 147.85160997732427
475 148.11138321995466
476 148.27102040816325
477 148.62367346938777
478 148.9821315192744
479 149.43637188208618
480 149.71356009070294
